3904136498
3904136498
3900127316
3900120019
3900008686
3899103656
3898470203
3897879102
3897806734
3897781327
3897735095
3897700342
3897675561
3897620898
3897582235
3897547812
3897544122
3896139007
3896144253
3896102074
3895361636
3895233734
3895168685
3895134041
3895098960
3895094017
3893638076
3893554677
3890957818
3889158635
3889165230
3889159926
3889017162
3889032683
3888674904
3888618754
3888602204
3888231176
3888154954
3888068707
3888061129
3887975296
3886562936
3886550683
3886474591
3883536948
3883571147
3883478882
3878968103
3877547052
3877570131
3877352224
3877298052
3877253082
3874544800
3873506456
3867285486
3867148627
3863916413
3863182764
3862857514
3862765115
3862724095
3860678239
3860295581
3860278189
3858034136
3857855123
3857774937
3857750195
3857694658
3857636459
3857601879
3857517191
3857522432
3857466853
3857473342
3855347795
3855264330
3854496992
3896144253
3889165230
3889159926
3889017162
3888674904
3888618754
3888602204
3883571147
3877570131
3857517191
3857473342
3854496992
3854482272
3853981824
3853904019
3852742073
3852665045
3852558944
3852555902
3852582702
3838917849
3824765834
3821614407
3811933931
3810610618
3810517413
3810541961
3810438576
3809799689
3809745326
3805807943
3803364614
3803229168
3901910555
3901834407
3901526369
3901481417
3886168622
3883554044
3879672556
3879627257
3879584871
3877517045
3877209463
3871955700
3872000709
3867669573
3867618192
3860020409
3859918736
3859943266
3859920537
3859837899
3859328406
3859313493
3859246006
3858680972
3858597391
3858623708
3858600984
3852351887
3849450848
3847062872
3844728552
3844544594
3844538274
3844473297
3844447529
3829794861
3828201233
3826731394
3823548113
3822404095
3822410467
3822296126
3822303017
3816875095
3816849460
3816807734
3813776720
3813770956
3813625197
